[{"sentence": "This hotel was excellent and exceeded all my expectations . The restaurant had delicious food , the service was incredible , rooms were to a very high standard and clean . I am very pleased to stay here and grateful for the staff , they have been helpful , kind and professional . I highly recommend this hotel .", "IOB": ["O", "O", "O", "O", "O", "O", "O", "O", "O", "O", "O", "O", "O", "O", "B-ASP", "O", "O", "B-ASP", "O", "O", "O", "B-ASP", "O", "O", "O", "O", "O", "O", "O", "O", "O", "O", "O", "O", "O", "O", "O", "O", "O", "O", "O", "O", "B-ASP", "O", "O", "O", "O", "O", "O", "O", "O", "O", "O", "O", "O", "O", "O", "O", "O"], "tokens": ["This", "hotel", "was", "excellent", "and", "exceeded", "all", "my", "expectations", ".", "The", "restaurant", "had", "delicious", "food", ",", "the", "service", "was", "incredible", ",", "rooms", "were", "to", "a", "very", "high", "standard", "and", "clean", ".", "I", "am", "very", "pleased", "to", "stay", "here", "and", "grateful", "for", "the", "staff", ",", "they", "have", "been", "helpful", ",", "kind", "and", "professional", ".", "I", "highly", "recommend", "this", "hotel", "."], "aspect": ["food", "service", "rooms", "staff"], "position": [[15], [18], [22], [43]], "sentiment": ["Positive", "Positive", "Positive", "Positive"], "probs": [[8.48094277898781e-05, 0.0001066330514731817, 0.9998084902763367], [8.568059274693951e-05, 0.00010491030116099864, 0.9998094439506531], [9.216700709657744e-05, 9.682906238595024e-05, 0.9998111128807068], [9.750185563461855e-05, 6.99461525073275e-05, 0.9998325109481812]], "confidence": [0.9998084902763367, 0.9998094439506531, 0.9998111128807068, 0.9998325109481812]}, {"sentence": "Feels new and clean with perfect location nearby the beach 🏖", "IOB": ["O", "O", "O", "O", "O", "O", "B-ASP", "O", "O", "O", "O"], "tokens": ["Feels", "new", "and", "clean", "with", "perfect", "location", "nearby", "the", "beach", "🏖"], "aspect": ["location"], "position": [[7]], "sentiment": ["Positive"], "probs": [[7.601037941640243e-05, 7.798556907800958e-05, 0.9998459815979004]], "confidence": [0.9998459815979004]}, {"sentence": "close to the airports", "IOB": ["O", "O", "O", "O"], "tokens": ["close", "to", "the", "airports"], "aspect": [], "position": [], "sentiment": [], "probs": [], "confidence": []}, {"sentence": "location is good you can take bus 425 from the airport to somewhere close enough to the hotel . stuff were super nice ! room is spacious and clean , bed is comfy too .", "IOB": ["B-ASP", "O", "O", "O", "O", "O", "O", "O", "O", "O", "O", "O", "O", "O", "O", "O", "O", "O", "O", "O", "O", "O", "O", "O", "B-ASP", "O", "O", "O", "O", "O", "B-ASP", "O", "O", "O", "O"], "tokens": ["location", "is", "good", "you", "can", "take", "bus", "425", "from", "the", "airport", "to", "somewhere", "close", "enough", "to", "the", "hotel", ".", "stuff", "were", "super", "nice", "!", "room", "is", "spacious", "and", "clean", ",", "bed", "is", "comfy", "too", "."], "aspect": ["location", "room", "bed"], "position": [[1], [25], [31]], "sentiment": ["Positive", "Positive", "Positive"], "probs": [[5.456932194647379e-05, 0.00043992081191390753, 0.9995055198669434], [9.176738967653364e-05, 0.00015473339590243995, 0.9997535347938538], [9.864987805485725e-05, 6.758705421816558e-05, 0.9998337030410767]], "confidence": [0.9995055198669434, 0.9997535347938538, 0.9998337030410767]}, {"sentence": "La Veranda was very clean , provided everything needed ( even a bottle of water in the room ! ) , and was flexible with our schedule . The staff was excellent . There are a series of delicious and fun restaurants on the beach quite close to the hotel , which the staff of the hotel kindly told us about .", "IOB": ["O", "O", "O", "O", "O", "O", "O", "O", "O", "O", "O", "O", "O", "O", "O", "O", "O", "O", "O", "O", "O", "O", "O", "O", "O", "O", "O", "O", "O", "B-ASP", "O", "O", "O", "O", "O", "O", "O", "O", "O", "O", "O", "O", "O", "O", "O", "O", "O", "O", "O", "O", "O", "O", "O", "B-ASP", "O", "O", "O", "O", "O", "O", "O", "O"], "tokens": ["La", "Veranda", "was", "very", "clean", ",", "provided", "everything", "needed", "(", "even", "a", "bottle", "of", "water", "in", "the", "room", "!", ")", ",", "and", "was", "flexible", "with", "our", "schedule", ".", "The", "staff", "was", "excellent", ".", "There", "are", "a", "series", "of", "delicious", "and", "fun", "restaurants", "on", "the", "beach", "quite", "close", "to", "the", "hotel", ",", "which", "the", "staff", "of", "the", "hotel", "kindly", "told", "us", "about", "."], "aspect": ["staff", "staff"], "position": [[30], [54]], "sentiment": ["Positive", "Positive"], "probs": [[0.00020712205150630325, 0.00015504633483942598, 0.9996378421783447], [0.00020712205150630325, 0.00015504633483942598, 0.9996378421783447]], "confidence": [0.9996378421783447, 0.9996378421783447]}, {"sentence": "Practical rooms , balconies in each room . good location for the airport . Listening staff .", "IOB": ["O", "B-ASP", "O", "O", "O", "O", "O", "O", "O", "B-ASP", "O", "O", "O", "O", "O", "B-ASP", "O"], "tokens": ["Practical", "rooms", ",", "balconies", "in", "each", "room", ".", "good", "location", "for", "the", "airport", ".", "Listening", "staff", "."], "aspect": ["rooms", "location", "staff"], "position": [[2], [10], [16]], "sentiment": ["Positive", "Positive", "Positive"], "probs": [[0.00011018384248018265, 0.007208941970020533, 0.9926808476448059], [7.078480848576874e-05, 0.0015584456268697977, 0.9983707070350647], [0.000118239302537404, 0.00045300909550860524, 0.9994288086891174]], "confidence": [0.9926808476448059, 0.9983707070350647, 0.9994288086891174]}, {"sentence": "I liked the hotel already when approaching it from the street . The feeling of the new did not leave all the time . Starting from the street terrace , the hall and up to the room itself - clean , comfortable , with a soft bed . As it turned out later , the hotel is already about 8 years old , but they are doing well 👍 Always friendly staff ( it looks like a family business , but I will not say ) . Every day cleaning . At any time , you can go down to the veranda at the tables and just drink their wonderful cappuccino on soft sofas , and then sleep the rest of the night on soft beds . We did not use the pool , the sea is better , because there is a good Mackenzie beach . And he did not have to swim .", "IOB": ["O", "O", "O", "O", "O", "O", "O", "O", "O", "O", "O", "O", "O", "O", "O", "O", "O", "O", "O", "O", "O", "O", "O", "O", "O", "O", "O", "O", "O", "O", "O", "O", "O", "O", "O", "O", "O", "O", "O", "O", "O", "O", "O", "O", "O", "O", "O", "O", "O", "O", "O", "O", "O", "O", "O", "O", "O", "O", "O", "O", "O", "O", "O", "O", "O", "O", "O", "O", "O", "O", "O", "O", "O", "O", "O", "O", "[SEP]", "[SEP]", "[CLS]"], "tokens": ["I", "liked", "the", "hotel", "already", "when", "approaching", "it", "from", "the", "street", ".", "The", "feeling", "of", "the", "new", "did", "not", "leave", "all", "the", "time", ".", "Starting", "from", "the", "street", "terrace", ",", "the", "hall", "and", "up", "to", "the", "room", "itself", "-", "clean", ",", "comfortable", ",", "with", "a", "soft", "bed", ".", "As", "it", "turned", "out", "later", ",", "the", "hotel", "is", "already", "about", "8", "years", "old", ",", "but", "they", "are", "doing", "well", "👍", "Always", "friendly", "staff", "(", "it", "looks", "like", "a", "family", "business", ",", "but", "I", "will", "not", "say", ")", ".", "Every", "day", "cleaning", ".", "At", "any", "time", ",", "you", "can", "go", "down", "to", "the", "veranda", "at", "the", "tables", "and", "just", "drink", "their", "wonderful", "cappuccino", "on", "soft", "sofas", ",", "and", "then", "sleep", "the", "rest", "of", "the", "night", "on", "soft", "beds", ".", "We", "did", "not", "use", "the", "pool", ",", "the", "sea", "is", "better", ",", "because", "there", "is", "a", "good", "Mackenzie", "beach", ".", "And", "he", "did", "not", "have", "to", "swim", "."], "aspect": [], "position": [], "sentiment": [], "probs": [], "confidence": []}, {"sentence": "The staff is very friendly", "IOB": ["O", "B-ASP", "O", "O", "O"], "tokens": ["The", "staff", "is", "very", "friendly"], "aspect": ["staff"], "position": [[2]], "sentiment": ["Positive"], "probs": [[0.00012954644626006484, 0.00016958321793936193, 0.9997009038925171]], "confidence": [0.9997009038925171]}, {"sentence": "Amazing team , thinks of all the details and happy to help . Our flight was delayed and they took care of us both for late check - in and for an electrical adapter", "IOB": ["O", "B-ASP", "O", "O", "O", "O", "O", "O", "O", "O", "O", "O", "O", "O", "O", "O", "O", "O", "O", "O", "O", "O", "O", "O", "O", "O", "O", "O", "O", "O", "O", "O", "B-ASP", "I-ASP"], "tokens": ["Amazing", "team", ",", "thinks", "of", "all", "the", "details", "and", "happy", "to", "help", ".", "Our", "flight", "was", "delayed", "and", "they", "took", "care", "of", "us", "both", "for", "late", "check", "-", "in", "and", "for", "an", "electrical", "adapter"], "aspect": ["team", "electrical adapter"], "position": [[2], [33, 34]], "sentiment": ["Positive", "Neutral"], "probs": [[0.0001718643616186455, 3.3022290153894573e-05, 0.999795138835907], [0.0678115040063858, 0.9321024417877197, 8.600189175922424e-05]], "confidence": [0.999795138835907, 0.9321024417877197]}, {"sentence": "The location close to the airport , while being quiet Check - in at 4am An exceptional welcome in French The room is clean , large enough and recent The outdoor balcony is a plus The proximity to the beach and the city is a significant asset There is a bus stop near the hotel which allows you to go to the city center and to the airport . I recommend 100 %", "IOB": ["O", "B-ASP", "O", "O", "O", "O", "O", "O", "O", "O", "O", "O", "O", "O", "O", "O", "O", "O", "O", "O", "O", "B-ASP", "O", "O", "O", "O", "O", "O", "O", "O", "B-ASP", "I-ASP", "O", "O", "O", "O", "O", "O", "O", "O", "O", "O", "O", "O", "O", "O", "O", "O", "O", "O", "O", "O", "O", "O", "O", "O", "O", "O", "O", "O", "O", "O", "O", "O", "O", "O", "O", "O", "O", "O", "O", "O", "O"], "tokens": ["The", "location", "close", "to", "the", "airport", ",", "while", "being", "quiet", "Check", "-", "in", "at", "4am", "An", "exceptional", "welcome", "in", "French", "The", "room", "is", "clean", ",", "large", "enough", "and", "recent", "The", "outdoor", "balcony", "is", "a", "plus", "The", "proximity", "to", "the", "beach", "and", "the", "city", "is", "a", "significant", "asset", "There", "is", "a", "bus", "stop", "near", "the", "hotel", "which", "allows", "you", "to", "go", "to", "the", "city", "center", "and", "to", "the", "airport", ".", "I", "recommend", "100", "%"], "aspect": ["location", "room", "outdoor balcony"], "position": [[2], [22], [31, 32]], "sentiment": ["Positive", "Positive", "Positive"], "probs": [[9.750056051416323e-05, 0.00031680508982390165, 0.9995856881141663], [9.692017920315266e-05, 0.0003606871177908033, 0.9995424747467041], [7.734294922556728e-05, 0.00016762172162998468, 0.9997550845146179]], "confidence": [0.9995856881141663, 0.9995424747467041, 0.9997550845146179]}, {"sentence": "Close to the beach . Own . Pleasant breakfast . Quality Eco Hotel .", "IOB": ["O", "O", "O", "O", "O", "O", "O", "O", "B-ASP", "O", "O", "O", "O", "O"], "tokens": ["Close", "to", "the", "beach", ".", "Own", ".", "Pleasant", "breakfast", ".", "Quality", "Eco", "Hotel", "."], "aspect": ["breakfast"], "position": [[9]], "sentiment": ["Positive"], "probs": [[8.693654672242701e-05, 0.00011134782835142687, 0.9998018145561218]], "confidence": [0.9998018145561218]}, {"sentence": "A wonderful place run by wonderful people !", "IOB": ["O", "O", "B-ASP", "O", "O", "O", "O", "O"], "tokens": ["A", "wonderful", "place", "run", "by", "wonderful", "people", "!"], "aspect": ["place"], "position": [[3]], "sentiment": ["Positive"], "probs": [[0.00010067711991723627, 0.00011073880887124687, 0.9997885823249817]], "confidence": [0.9997885823249817]}, {"sentence": "Clean , daily change of towels , pleasant and helpful staff , value for money", "IOB": ["O", "O", "O", "O", "O", "O", "O", "O", "O", "O", "B-ASP", "O", "O", "O", "O"], "tokens": ["Clean", ",", "daily", "change", "of", "towels", ",", "pleasant", "and", "helpful", "staff", ",", "value", "for", "money"], "aspect": ["staff"], "position": [[11]], "sentiment": ["Positive"], "probs": [[0.0001709464704617858, 7.51872212276794e-05, 0.9997538924217224]], "confidence": [0.9997538924217224]}, {"sentence": "Proximity to the airport and excellent cuisine", "IOB": ["O", "O", "O", "O", "O", "O", "B-ASP"], "tokens": ["Proximity", "to", "the", "airport", "and", "excellent", "cuisine"], "aspect": ["cuisine"], "position": [[7]], "sentiment": ["Positive"], "probs": [[7.032242137938738e-05, 0.00014901603572070599, 0.9997807145118713]], "confidence": [0.9997807145118713]}, {"sentence": "There is nothing we didn ' t like", "IOB": ["O", "O", "O", "O", "O", "O", "O", "O"], "tokens": ["There", "is", "nothing", "we", "didn", "'", "t", "like"], "aspect": [], "position": [], "sentiment": [], "probs": [], "confidence": []}, {"sentence": "We stayed 9 nights at this beautiful little hotel and it was extraordinary . Close to the airport and also a 5 min walk from Makenzie blue flag beach . The room was super clean , everything new and cosy , the bathroom with a spacious cabin shower . The bed and pillows were very comfy . The staff was super super friendly and made everything possible for our stay to be perfect . Rich breakfast with various local food . Also we ate dinner a couple of times at the terrace and everything was very tasty . We have absolutely nothing to complain , it was a dreamy vacation and for sure we will come back . Thank you for a perfect stay ! ! !", "IOB": ["O", "O", "O", "O", "O", "O", "O", "O", "O", "O", "O", "O", "O", "O", "O", "O", "O", "O", "O", "O", "O", "O", "O", "O", "O", "O", "O", "O", "O", "O", "O", "O", "O", "O", "O", "O", "O", "O", "O", "O", "O", "O", "O", "O", "O", "O", "O", "O", "O", "O", "O", "O", "O", "O", "O", "O", "O", "O", "O", "O", "O", "O", "O", "O", "O", "O", "O", "O", "O", "O", "O", "O", "O", "O", "O", "O", "[SEP]", "[SEP]", "[CLS]"], "tokens": ["We", "stayed", "9", "nights", "at", "this", "beautiful", "little", "hotel", "and", "it", "was", "extraordinary", ".", "Close", "to", "the", "airport", "and", "also", "a", "5", "min", "walk", "from", "Makenzie", "blue", "flag", "beach", ".", "The", "room", "was", "super", "clean", ",", "everything", "new", "and", "cosy", ",", "the", "bathroom", "with", "a", "spacious", "cabin", "shower", ".", "The", "bed", "and", "pillows", "were", "very", "comfy", ".", "The", "staff", "was", "super", "super", "friendly", "and", "made", "everything", "possible", "for", "our", "stay", "to", "be", "perfect", ".", "Rich", "breakfast", "with", "various", "local", "food", ".", "Also", "we", "ate", "dinner", "a", "couple", "of", "times", "at", "the", "terrace", "and", "everything", "was", "very", "tasty", ".", "We", "have", "absolutely", "nothing", "to", "complain", ",", "it", "was", "a", "dreamy", "vacation", "and", "for", "sure", "we", "will", "come", "back", ".", "Thank", "you", "for", "a", "perfect", "stay", "!", "!", "!"], "aspect": [], "position": [], "sentiment": [], "probs": [], "confidence": []}, {"sentence": "Great hotel , lovely staff , ready to help at any hour", "IOB": ["O", "O", "O", "O", "B-ASP", "O", "O", "O", "O", "O", "O", "O"], "tokens": ["Great", "hotel", ",", "lovely", "staff", ",", "ready", "to", "help", "at", "any", "hour"], "aspect": ["staff"], "position": [[5]], "sentiment": ["Positive"], "probs": [[0.00011568502668524161, 5.4199339501792565e-05, 0.9998300075531006]], "confidence": [0.9998300075531006]}, {"sentence": "Bed frame structure dangerous , sharp corners .", "IOB": ["B-ASP", "I-ASP", "I-ASP", "O", "O", "O", "B-ASP", "O"], "tokens": ["Bed", "frame", "structure", "dangerous", ",", "sharp", "corners", "."], "aspect": ["Bed frame structure", "corners"], "position": [[1, 2, 3], [7]], "sentiment": ["Negative", "Negative"], "probs": [[0.9997581839561462, 4.180082760285586e-05, 0.00019993053865619004], [0.9997703433036804, 5.629819497698918e-05, 0.00017343131185043603]], "confidence": [0.9997581839561462, 0.9997703433036804]}, {"sentence": "More restaurants .", "IOB": ["O", "B-ASP", "O"], "tokens": ["More", "restaurants", "."], "aspect": ["restaurants"], "position": [[2]], "sentiment": ["Neutral"], "probs": [[0.00012709478323813528, 0.5758985280990601, 0.4239743649959564]], "confidence": [0.5758985280990601]}, {"sentence": "Welcoming owners and great location . Good value . The beach is less than 5 minutes away .", "IOB": ["O", "B-ASP", "O", "O", "B-ASP", "O", "O", "O", "O", "O", "O", "O", "O", "O", "O", "O", "O", "O"], "tokens": ["Welcoming", "owners", "and", "great", "location", ".", "Good", "value", ".", "The", "beach", "is", "less", "than", "5", "minutes", "away", "."], "aspect": ["owners", "location"], "position": [[2], [5]], "sentiment": ["Positive", "Positive"], "probs": [[0.00017201613809447736, 3.3242133213207126e-05, 0.9997947812080383], [0.0001207319728564471, 4.436130984686315e-05, 0.9998348951339722]], "confidence": [0.9997947812080383, 0.9998348951339722]}, {"sentence": "The hotel is clean , comfortable and a good location . Very close to Salt Lake and Mackenzie Beach . Very close to bus stop . Very close to the airport , the bus only costs 1 . 5 euros to and from the airport . From the hotel you can just walk along the entire promenade of Larnaca , you won ’ t miss anything . A calm step along the sea to the Church of St . Lazarus 30 - 40 minutes . The room was wonderful . White bed . Breakfast can be bought directly at the hotel for only 8 euros . I rented a car , there is a place to park . The shower is wonderful , the air conditioner works , we were in January , it was very warm and sunny . Everything is great . The owner of the hotel was very friendly , allowed to leave things , even after we checked out , I highly recommend ,", "IOB": ["O", "O", "O", "O", "O", "O", "O", "O", "O", "O", "O", "O", "O", "O", "O", "O", "O", "O", "O", "O", "O", "O", "O", "O", "O", "O", "O", "O", "O", "O", "O", "O", "O", "O", "O", "O", "O", "O", "O", "O", "O", "O", "O", "O", "O", "O", "O", "O", "O", "O", "O", "O", "O", "O", "O", "O", "O", "O", "O", "O", "O", "O", "O", "O", "O", "O", "O", "O", "O", "O", "O", "O", "O", "O", "O", "O", "[SEP]", "[SEP]", "[CLS]"], "tokens": ["The", "hotel", "is", "clean", ",", "comfortable", "and", "a", "good", "location", ".", "Very", "close", "to", "Salt", "Lake", "and", "Mackenzie", "Beach", ".", "Very", "close", "to", "bus", "stop", ".", "Very", "close", "to", "the", "airport", ",", "the", "bus", "only", "costs", "1", ".", "5", "euros", "to", "and", "from", "the", "airport", ".", "From", "the", "hotel", "you", "can", "just", "walk", "along", "the", "entire", "promenade", "of", "Larnaca", ",", "you", "won", "’", "t", "miss", "anything", ".", "A", "calm", "step", "along", "the", "sea", "to", "the", "Church", "of", "St", ".", "Lazarus", "30", "-", "40", "minutes", ".", "The", "room", "was", "wonderful", ".", "White", "bed", ".", "Breakfast", "can", "be", "bought", "directly", "at", "the", "hotel", "for", "only", "8", "euros", ".", "I", "rented", "a", "car", ",", "there", "is", "a", "place", "to", "park", ".", "The", "shower", "is", "wonderful", ",", "the", "air", "conditioner", "works", ",", "we", "were", "in", "January", ",", "it", "was", "very", "warm", "and", "sunny", ".", "Everything", "is", "great", ".", "The", "owner", "of", "the", "hotel", "was", "very", "friendly", ",", "allowed", "to", "leave", "things", ",", "even", "after", "we", "checked", "out", ",", "I", "highly", "recommend", ","], "aspect": [], "position": [], "sentiment": [], "probs": [], "confidence": []}, {"sentence": "it is recently renovated building therefore the rooms were nice and clean . Mackenzie Beach promenade is 5 min walk .", "IOB": ["O", "O", "O", "O", "O", "O", "O", "B-ASP", "O", "O", "O", "O", "O", "O", "O", "O", "O", "O", "O", "O", "O"], "tokens": ["it", "is", "recently", "renovated", "building", "therefore", "the", "rooms", "were", "nice", "and", "clean", ".", "Mackenzie", "Beach", "promenade", "is", "5", "min", "walk", "."], "aspect": ["rooms"], "position": [[8]], "sentiment": ["Positive"], "probs": [[0.0001463402877561748, 2.4613525965833105e-05, 0.9998289346694946]], "confidence": [0.9998289346694946]}, {"sentence": "Room was excellent , very clean and everything seems fairly new . Staff was very helpful . Location is also very good if you have a morning flight , airport is a 7 min drive away .", "IOB": ["B-ASP", "O", "O", "O", "O", "O", "O", "O", "O", "O", "O", "O", "B-ASP", "O", "O", "O", "O", "B-ASP", "O", "O", "O", "O", "O", "O", "O", "O", "O", "O", "O", "O", "O", "O", "O", "O", "O", "O", "O"], "tokens": ["Room", "was", "excellent", ",", "very", "clean", "and", "everything", "seems", "fairly", "new", ".", "Staff", "was", "very", "helpful", ".", "Location", "is", "also", "very", "good", "if", "you", "have", "a", "morning", "flight", ",", "airport", "is", "a", "7", "min", "drive", "away", "."], "aspect": ["Room", "Staff", "Location"], "position": [[1], [13], [18]], "sentiment": ["Positive", "Positive", "Positive"], "probs": [[0.00015403279394377023, 9.670579311205074e-05, 0.9997493624687195], [9.13361000129953e-05, 0.00012243622040841728, 0.9997863173484802], [7.849514076951891e-05, 0.00016770385263953358, 0.9997537732124329]], "confidence": [0.9997493624687195, 0.9997863173484802, 0.9997537732124329]}, {"sentence": "very clean room , comfy beds , very nice showers . all freshly renovated .", "IOB": ["O", "O", "B-ASP", "O", "O", "B-ASP", "O", "O", "O", "B-ASP", "O", "O", "O", "O", "O"], "tokens": ["very", "clean", "room", ",", "comfy", "beds", ",", "very", "nice", "showers", ".", "all", "freshly", "renovated", "."], "aspect": ["room", "beds", "showers"], "position": [[3], [6], [10]], "sentiment": ["Positive", "Positive", "Positive"], "probs": [[7.788337097736076e-05, 8.66350601427257e-05, 0.9998354911804199], [0.0001080307993106544, 6.206284888321534e-05, 0.999829888343811], [0.00013215519720688462, 5.2643958042608574e-05, 0.9998151659965515]], "confidence": [0.9998354911804199, 0.999829888343811, 0.9998151659965515]}, {"sentence": "We stayed literally for a few hours , the welcome was pleasant and they helped us order a taxi to the airport !", "IOB": ["O", "O", "O", "O", "O", "O", "O", "O", "O", "B-ASP", "O", "O", "O", "O", "O", "O", "O", "O", "O", "O", "O", "O", "O"], "tokens": ["We", "stayed", "literally", "for", "a", "few", "hours", ",", "the", "welcome", "was", "pleasant", "and", "they", "helped", "us", "order", "a", "taxi", "to", "the", "airport", "!"], "aspect": ["welcome"], "position": [[10]], "sentiment": ["Positive"], "probs": [[0.00019882777996826917, 0.0001008106191875413, 0.9997004270553589]], "confidence": [0.9997004270553589]}, {"sentence": "Everything was very good . Staff very polite and helpful . Rooms are clean . Breakfast was delicious . Hotel is near to the beach , airport and bus station .", "IOB": ["O", "O", "O", "O", "O", "B-ASP", "O", "O", "O", "O", "O", "B-ASP", "O", "O", "O", "B-ASP", "O", "O", "O", "O", "O", "O", "O", "O", "O", "O", "O", "O", "O", "O", "O"], "tokens": ["Everything", "was", "very", "good", ".", "Staff", "very", "polite", "and", "helpful", ".", "Rooms", "are", "clean", ".", "Breakfast", "was", "delicious", ".", "Hotel", "is", "near", "to", "the", "beach", ",", "airport", "and", "bus", "station", "."], "aspect": ["Staff", "Rooms", "Breakfast"], "position": [[6], [12], [16]], "sentiment": ["Positive", "Positive", "Positive"], "probs": [[9.831033094087616e-05, 0.00014261231990531087, 0.9997590184211731], [8.703771891305223e-05, 0.0001220779085997492, 0.9997909665107727], [0.00011382551019778475, 7.975439802976325e-05, 0.9998064637184143]], "confidence": [0.9997590184211731, 0.9997909665107727, 0.9998064637184143]}, {"sentence": "a comfortable place . Quiet friendly staff . Quiet and spacious .", "IOB": ["O", "O", "B-ASP", "O", "O", "O", "B-ASP", "O", "O", "O", "O", "O"], "tokens": ["a", "comfortable", "place", ".", "Quiet", "friendly", "staff", ".", "Quiet", "and", "spacious", "."], "aspect": ["place", "staff"], "position": [[3], [7]], "sentiment": ["Positive", "Positive"], "probs": [[9.694936306914315e-05, 8.162973972503096e-05, 0.9998214840888977], [0.0001238339173141867, 7.116069173207507e-05, 0.9998050332069397]], "confidence": [0.9998214840888977, 0.9998050332069397]}, {"sentence": "Helpful staff and close to airport", "IOB": ["O", "B-ASP", "O", "O", "O", "O"], "tokens": ["Helpful", "staff", "and", "close", "to", "airport"], "aspect": ["staff"], "position": [[2]], "sentiment": ["Positive"], "probs": [[0.00013827579095959663, 7.473311416106299e-05, 0.9997870326042175]], "confidence": [0.9997870326042175]}, {"sentence": "clean spacious practical", "IOB": ["O", "O", "O"], "tokens": ["clean", "spacious", "practical"], "aspect": [], "position": [], "sentiment": [], "probs": [], "confidence": []}, {"sentence": "Excellent attention . Very comfortable bed . Very good shower . The furniture and bathroom are all new and impeccable . Very good WiFi connection . Bars and restaurants nearby .", "IOB": ["O", "O", "O", "O", "O", "B-ASP", "O", "O", "O", "B-ASP", "O", "O", "B-ASP", "O", "B-ASP", "O", "O", "O", "O", "O", "O", "O", "O", "B-ASP", "O", "O", "O", "O", "O", "O", "O"], "tokens": ["Excellent", "attention", ".", "Very", "comfortable", "bed", ".", "Very", "good", "shower", ".", "The", "furniture", "and", "bathroom", "are", "all", "new", "and", "impeccable", ".", "Very", "good", "WiFi", "connection", ".", "Bars", "and", "restaurants", "nearby", "."], "aspect": ["bed", "shower", "furniture", "bathroom", "WiFi"], "position": [[6], [10], [13], [15], [24]], "sentiment": ["Positive", "Positive", "Positive", "Positive", "Positive"], "probs": [[8.518229151377454e-05, 0.00017984503938350827, 0.9997349381446838], [8.876196079654619e-05, 7.212196214823052e-05, 0.9998390674591064], [9.889216744340956e-05, 5.384940232033841e-05, 0.9998471736907959], [0.00010711984214140102, 4.8162390157813206e-05, 0.9998446702957153], [8.138991688610986e-05, 0.00017456072964705527, 0.9997439980506897]], "confidence": [0.9997349381446838, 0.9998390674591064, 0.9998471736907959, 0.9998446702957153, 0.9997439980506897]}, {"sentence": "There is nothing negative to say about the property . It was a wonderful stay n", "IOB": ["O", "O", "O", "O", "O", "O", "O", "O", "B-ASP", "O", "O", "O", "O", "O", "B-ASP", "O"], "tokens": ["There", "is", "nothing", "negative", "to", "say", "about", "the", "property", ".", "It", "was", "a", "wonderful", "stay", "n"], "aspect": ["property", "stay"], "position": [[9], [15]], "sentiment": ["Positive", "Positive"], "probs": [[5.912446431466378e-05, 0.00014617126726079732, 0.9997947812080383], [4.448836625670083e-05, 0.00015972637629602104, 0.9997958540916443]], "confidence": [0.9997947812080383, 0.9997958540916443]}, {"sentence": "We arrived in the middle of the night and were able to get into the room via self - check - in without any problems . Good location close to the airport - easily accessible by taxi , there is also a bus route nearby .", "IOB": ["O", "O", "O", "O", "O", "O", "O", "O", "O", "O", "O", "O", "O", "O", "O", "O", "O", "O", "O", "O", "O", "O", "O", "O", "O", "O", "O", "B-ASP", "O", "O", "O", "O", "O", "O", "O", "O", "O", "O", "O", "O", "O", "O", "O", "O", "O", "O"], "tokens": ["We", "arrived", "in", "the", "middle", "of", "the", "night", "and", "were", "able", "to", "get", "into", "the", "room", "via", "self", "-", "check", "-", "in", "without", "any", "problems", ".", "Good", "location", "close", "to", "the", "airport", "-", "easily", "accessible", "by", "taxi", ",", "there", "is", "also", "a", "bus", "route", "nearby", "."], "aspect": ["location"], "position": [[28]], "sentiment": ["Positive"], "probs": [[7.980626105563715e-05, 0.00016079757187981158, 0.9997593760490417]], "confidence": [0.9997593760490417]}, {"sentence": "Great location as I arrived very late and just wanted to sleep . You are there now . Quiet location , very friendly and helpful staff / owners .", "IOB": ["O", "B-ASP", "O", "O", "O", "O", "O", "O", "O", "O", "O", "O", "O", "O", "O", "O", "O", "O", "O", "B-ASP", "O", "O", "O", "O", "O", "B-ASP", "O", "B-ASP", "O"], "tokens": ["Great", "location", "as", "I", "arrived", "very", "late", "and", "just", "wanted", "to", "sleep", ".", "You", "are", "there", "now", ".", "Quiet", "location", ",", "very", "friendly", "and", "helpful", "staff", "/", "owners", "."], "aspect": ["location", "location", "staff", "owners"], "position": [[2], [20], [26], [28]], "sentiment": ["Positive", "Positive", "Positive", "Positive"], "probs": [[0.00017116876551881433, 0.000151546933921054, 0.999677300453186], [0.00017116876551881433, 0.000151546933921054, 0.999677300453186], [9.206686809193343e-05, 0.00010340079461457208, 0.9998045563697815], [7.834686402929947e-05, 0.00012089077790733427, 0.9998008608818054]], "confidence": [0.999677300453186, 0.999677300453186, 0.9998045563697815, 0.9998008608818054]}, {"sentence": "Excellent range of food offered and good service .", "IOB": ["O", "O", "O", "B-ASP", "O", "O", "O", "B-ASP", "O"], "tokens": ["Excellent", "range", "of", "food", "offered", "and", "good", "service", "."], "aspect": ["food", "service"], "position": [[4], [8]], "sentiment": ["Positive", "Positive"], "probs": [[0.00012596772285178304, 9.745343413669616e-05, 0.9997765421867371], [0.00014379341155290604, 5.773936936748214e-05, 0.999798595905304]], "confidence": [0.9997765421867371, 0.999798595905304]}, {"sentence": "Cleanliness / Towels : 10 / 10 Design / Furniture : 10 / 10 Staff : 10 / 10", "IOB": ["B-ASP", "O", "B-ASP", "O", "O", "O", "O", "B-ASP", "O", "B-ASP", "O", "O", "O", "O", "B-ASP", "O", "O", "O", "O"], "tokens": ["Cleanliness", "/", "Towels", ":", "10", "/", "10", "Design", "/", "Furniture", ":", "10", "/", "10", "Staff", ":", "10", "/", "10"], "aspect": ["Cleanliness", "Towels", "Design", "Furniture", "Staff"], "position": [[1], [3], [8], [10], [15]], "sentiment": ["Positive", "Positive", "Positive", "Positive", "Positive"], "probs": [[0.0008317672181874514, 0.00012710937880910933, 0.9990411400794983], [0.0007142859394662082, 8.629390504211187e-05, 0.9991994500160217], [0.0003387332835700363, 5.942975985817611e-05, 0.9996017813682556], [0.0003173733130097389, 5.508928734343499e-05, 0.9996275901794434], [0.00037496842560358346, 4.898611587123014e-05, 0.9995760321617126]], "confidence": [0.9990411400794983, 0.9991994500160217, 0.9996017813682556, 0.9996275901794434, 0.9995760321617126]}, {"sentence": "Room fresh , clean and modern . Same as shown in photos . Calm area , close to the beach , many restaurants and coffee shops there . Bus station very close . Breakfast above expectations .", "IOB": ["B-ASP", "O", "O", "O", "O", "O", "O", "O", "O", "O", "O", "O", "O", "O", "B-ASP", "O", "O", "O", "O", "O", "O", "O", "O", "O", "O", "O", "O", "O", "O", "O", "O", "O", "O", "B-ASP", "O", "O", "O"], "tokens": ["Room", "fresh", ",", "clean", "and", "modern", ".", "Same", "as", "shown", "in", "photos", ".", "Calm", "area", ",", "close", "to", "the", "beach", ",", "many", "restaurants", "and", "coffee", "shops", "there", ".", "Bus", "station", "very", "close", ".", "Breakfast", "above", "expectations", "."], "aspect": ["Room", "area", "Breakfast"], "position": [[1], [15], [34]], "sentiment": ["Positive", "Positive", "Positive"], "probs": [[0.00024341150128748268, 8.095903467619792e-05, 0.9996756315231323], [0.0001293014793191105, 8.937578240875155e-05, 0.9997813105583191], [0.00013447889068629593, 0.0001924679527292028, 0.9996731281280518]], "confidence": [0.9996756315231323, 0.9997813105583191, 0.9996731281280518]}, {"sentence": "I loved the staff , they always greeted us with a smile , they were really nice , they always responded to the help we needed , they called us a taxi , they didn ' t charge me again because I lost my room ticket , a stunning hotel , an aesthetic and clean place with innovative and interesting service that you can really request at the push of a button that you won ' t be able to hear the bell , I have never come across this in my life amazing thank you so much to this hotel .", "IOB": ["O", "O", "O", "O", "O", "O", "O", "O", "O", "O", "O", "O", "O", "O", "O", "O", "O", "O", "O", "O", "O", "O", "O", "O", "O", "O", "O", "O", "O", "O", "O", "O", "O", "O", "O", "O", "O", "O", "O", "O", "O", "O", "O", "O", "O", "O", "O", "O", "O", "O", "O", "O", "O", "O", "O", "O", "O", "O", "O", "O", "O", "O", "O", "O", "O", "O", "O", "O", "O", "O", "O", "O", "O", "O", "O", "O", "O", "[SEP]", "[SEP]"], "tokens": ["I", "loved", "the", "staff", ",", "they", "always", "greeted", "us", "with", "a", "smile", ",", "they", "were", "really", "nice", ",", "they", "always", "responded", "to", "the", "help", "we", "needed", ",", "they", "called", "us", "a", "taxi", ",", "they", "didn", "'", "t", "charge", "me", "again", "because", "I", "lost", "my", "room", "ticket", ",", "a", "stunning", "hotel", ",", "an", "aesthetic", "and", "clean", "place", "with", "innovative", "and", "interesting", "service", "that", "you", "can", "really", "request", "at", "the", "push", "of", "a", "button", "that", "you", "won", "'", "t", "be", "able", "to", "hear", "the", "bell", ",", "I", "have", "never", "come", "across", "this", "in", "my", "life", "amazing", "thank", "you", "so", "much", "to", "this", "hotel", "."], "aspect": [], "position": [], "sentiment": [], "probs": [], "confidence": []}, {"sentence": "The rooms and and the staff", "IOB": ["O", "B-ASP", "O", "O", "O", "B-ASP"], "tokens": ["The", "rooms", "and", "and", "the", "staff"], "aspect": ["rooms", "staff"], "position": [[2], [6]], "sentiment": ["Neutral", "Neutral"], "probs": [[8.370024443138391e-05, 0.9986608028411865, 0.001255456474609673], [0.0001379620225634426, 0.914299488067627, 0.085562564432621]], "confidence": [0.9986608028411865, 0.914299488067627]}, {"sentence": "Chose this hotel because of it ’ s proximity to airport . One nights stay straight from the flight before travelling onwards next morning to other areas . Easy to find ( car hire ) using Google maps . Friendly welcoming staff , easy check - in . The hotel itself is spotlessly clean , COVID prevention measures taken . Never ate there , cold beers available ( & needed ) from bar downstairs or mini - bar in room . Very quiet neighbourhood - not sure what ’ s nearby etc as up & away early next morning . Would certainly recommend for this type of trip & will probably use again next time .", "IOB": ["O", "O", "O", "O", "O", "O", "O", "O", "O", "O", "O", "O", "O", "O", "O", "O", "O", "O", "O", "O", "O", "O", "O", "O", "O", "O", "O", "O", "O", "O", "O", "O", "O", "O", "O", "O", "O", "O", "O", "O", "O", "O", "O", "O", "O", "O", "O", "O", "O", "O", "O", "O", "O", "O", "O", "O", "O", "O", "O", "O", "O", "O", "O", "O", "O", "O", "O", "O", "O", "O", "O", "O", "O", "O", "[SEP]", "[SEP]", "[CLS]", "[CLS]", "[CLS]"], "tokens": ["Chose", "this", "hotel", "because", "of", "it", "’", "s", "proximity", "to", "airport", ".", "One", "nights", "stay", "straight", "from", "the", "flight", "before", "travelling", "onwards", "next", "morning", "to", "other", "areas", ".", "Easy", "to", "find", "(", "car", "hire", ")", "using", "Google", "maps", ".", "Friendly", "welcoming", "staff", ",", "easy", "check", "-", "in", ".", "The", "hotel", "itself", "is", "spotlessly", "clean", ",", "COVID", "prevention", "measures", "taken", ".", "Never", "ate", "there", ",", "cold", "beers", "available", "(", "&", "needed", ")", "from", "bar", "downstairs", "or", "mini", "-", "bar", "in", "room", ".", "Very", "quiet", "neighbourhood", "-", "not", "sure", "what", "’", "s", "nearby", "etc", "as", "up", "&", "away", "early", "next", "morning", ".", "Would", "certainly", "recommend", "for", "this", "type", "of", "trip", "&", "will", "probably", "use", "again", "next", "time", "."], "aspect": [], "position": [], "sentiment": [], "probs": [], "confidence": []}, {"sentence": "We only stayed over night before heading to the airport . The room was exceptionally clean with a really comfortable bed", "IOB": ["O", "O", "O", "O", "O", "O", "O", "O", "O", "O", "O", "O", "B-ASP", "O", "O", "O", "O", "O", "O", "O", "B-ASP"], "tokens": ["We", "only", "stayed", "over", "night", "before", "heading", "to", "the", "airport", ".", "The", "room", "was", "exceptionally", "clean", "with", "a", "really", "comfortable", "bed"], "aspect": ["room", "bed"], "position": [[13], [21]], "sentiment": ["Positive", "Positive"], "probs": [[8.322589565068483e-05, 9.280712401960045e-05, 0.9998239874839783], [0.00010282899165758863, 9.70592227531597e-05, 0.9998001456260681]], "confidence": [0.9998239874839783, 0.9998001456260681]}, {"sentence": "Minor point : a bar for hanging clothes in the room was the only thing we felt was missing to improve our stay .", "IOB": ["O", "O", "O", "O", "B-ASP", "O", "O", "O", "O", "O", "B-ASP", "O", "O", "O", "O", "O", "O", "O", "O", "O", "O", "O", "O", "O"], "tokens": ["Minor", "point", ":", "a", "bar", "for", "hanging", "clothes", "in", "the", "room", "was", "the", "only", "thing", "we", "felt", "was", "missing", "to", "improve", "our", "stay", "."], "aspect": ["bar", "room"], "position": [[5], [11]], "sentiment": ["Negative", "Neutral"], "probs": [[0.9995759129524231, 0.00011913896742044017, 0.0003049486258532852], [0.00016167890862561762, 0.9995902180671692, 0.00024810785544104874]], "confidence": [0.9995759129524231, 0.9995902180671692]}, {"sentence": "The \" street side \" rooms are noisier than those facing the back .", "IOB": ["O", "O", "O", "O", "O", "B-ASP", "O", "O", "O", "O", "O", "O", "O", "O"], "tokens": ["The", "\"", "street", "side", "\"", "rooms", "are", "noisier", "than", "those", "facing", "the", "back", "."], "aspect": ["rooms"], "position": [[6]], "sentiment": ["Negative"], "probs": [[0.999376118183136, 0.00020990264602005482, 0.00041395853622816503]], "confidence": [0.999376118183136]}, {"sentence": "It was cold for a swim : )", "IOB": ["O", "O", "O", "O", "O", "B-ASP", "O", "O"], "tokens": ["It", "was", "cold", "for", "a", "swim", ":", ")"], "aspect": ["swim"], "position": [[6]], "sentiment": ["Neutral"], "probs": [[0.00024580114404670894, 0.9983416795730591, 0.0014125627931207418]], "confidence": [0.9983416795730591]}, {"sentence": "Nothing . It was perfect", "IOB": ["O", "O", "O", "O", "O"], "tokens": ["Nothing", ".", "It", "was", "perfect"], "aspect": [], "position": [], "sentiment": [], "probs": [], "confidence": []}, {"sentence": "We lived for a week 1 . Bed linen was never changed ( cleaning and change of towels daily ) ; 2 . the number is microscopic . Rented Nissan Micra and then more ; 3 . the refrigerator is full of minibar for money , I had to pull everything out so that my products would fit ; 4 . the hotel did not allow to turn over a couple of hours before the delayed plane ; 5 . walk to the promenade of Larnaca for about 20 minutes , to Lidl for an hour and a half . The hotel is really for one night .", "IOB": ["O", "O", "O", "O", "O", "O", "O", "O", "O", "O", "O", "O", "O", "O", "O", "O", "O", "O", "O", "O", "O", "O", "O", "O", "O", "O", "O", "O", "O", "O", "O", "O", "O", "O", "O", "O", "O", "O", "O", "O", "O", "O", "O", "O", "O", "O", "O", "O", "O", "O", "O", "O", "O", "O", "O", "O", "O", "O", "O", "O", "O", "O", "O", "O", "O", "O", "O", "O", "O", "O", "O", "O", "O", "O", "O", "O", "[SEP]", "[SEP]", "[CLS]"], "tokens": ["We", "lived", "for", "a", "week", "1", ".", "Bed", "linen", "was", "never", "changed", "(", "cleaning", "and", "change", "of", "towels", "daily", ")", ";", "2", ".", "the", "number", "is", "microscopic", ".", "Rented", "Nissan", "Micra", "and", "then", "more", ";", "3", ".", "the", "refrigerator", "is", "full", "of", "minibar", "for", "money", ",", "I", "had", "to", "pull", "everything", "out", "so", "that", "my", "products", "would", "